0 610 507 621 877 631 888 463 531 671 
610 0 559 837 483 379 232 153 184 919 
507 559 0 290 788 529 5 632 814 925 
621 837 290 0 285 993 572 490 50 964 
877 483 788 285 0 873 660 469 492 225 
631 379 529 993 873 0 789 69 377 8 
888 232 5 572 660 789 0 429 936 845 
463 153 632 490 469 69 429 0 602 3 
531 184 814 50 492 377 936 602 0 766 
671 919 925 964 225 8 845 3 766 0 
